type_class peduncle_height peduncle_pubescence number_of_leaves waviness_of_the_edge_of_the_sheet leaf_border number_of_flowers flower_coloring spot_edging perianth_tip_pubescence stamen_length pubescence_of_the_f

        4             4.5                    1                 2                                  1          1                 1            19           4                       1           0.6
        2            12.2                    1                 4                                  4          1                 1             3           7                       1           1.1
        2            14.5                    1                 4                                  4          1                 1            10           8                       1           0.9
        1               6                    1                 3                                  2          1                 1             6          11                       1           1.1
        4             3.8                    1                 2                                  1          1                 1            19           4                       1           0.5
        3            12.2                    1                 3                                  4          1                 1             3           1                       1             1
        3            19.5                    1                 3                                  3          1                 1             3           1                       1           1.1
        1             7.2                    1                 3                                  4          1                 1             6          11                       1           1.1
        4               6                    1                 2                                  1          1                 1            19           4                       1           0.6
        2            15.5                    1                 4                                  4          1                 1            10           8                       1           0.8
        3            13.2                    1                 3                                  4          1                 1             3           1                       1           1.2
        1             6.5                    1                 3                                  3          1                 1            12          11                       1             1
        4            14.3                    1                 2                                  1          1                 1            19           4                       1           0.9
        2             13                     1                 4                                  4          1                 1            10           8                       1           1.3
        4             3.8                    1                 2                                  1          1                 1            19           4                       1           0.6
        4            10.2                    1                 2                                  1          1                 1            19           4                       1           0.6
        2            15.2                    1                 4                                  4          1                 1             3           7                       1           1.5
        1             4.5                    1                 3                                  3          1                 1            12          11                       1           0.9
        4             6.2                    1                 2                                  1          1                 1            19           4                       1           0.6
        2            12.2                    1                 4                                  4          1                 1            10           8                       1           0.9
        4             7.5                    1                 2                                  1          1                 1            19           4                       1           0.9
        1             4.2                    1                 3                                  3          1                 1             6          11                       1             1
        3             12                     1                 3                                  4          1                 1             3           1                       1           1.2
        2            12.7                    1                 4                                  4          1                 1             3           8                       1           0.8
        4             7.8                    1                 2                                  2          1                 2            19           4                       1           0.7
        1             5.7                    1                 3                                  3          1                 1             6          11                       1           1.2
        3            11.5                    1                 3                                  4          1                 1             3           1                       1           0.9
        2            10.7                    1                 4                                  3          1                 1             3           8                       1             1
        4               5                    1                 2                                  1          1                 1            19           4                       1           0.6
        1             6.5                    1                 3                                  2          1                 1             6          11                       1           1.1
        4             7.2                    1                 2                                  1          1                 1            19           4                       1           0.8
        1             7.2                    1                 3                                  3          1                 1            12          11                       1           0.8
        3             8.7                    1                 3                                  4          1                 1             3           1                       1             1
        2            17.5                    1                 4                                  4          1                 1             3           8                       1           1.3
        3            12.5                    1                 3                                  4          1                 1             3           1                       1           0.8
        1             7.6                    1                 3                                  3          1                 1             6          11                       1          0.95
        3             8.5                    1                 3                                  4          1                 1             3           1                       1           0.8
        2            11.2                    1                 4                                  4          1                 1             3           1                       1             1
        3            13.5                    1                 3                                  3          1                 1             3           1                       1           0.8
        1             5.9                    1                 3                                  4          1                 1             6          11                       1           0.9
        3            11.5                    1                 3                                  3          1                 1             3           1                       1          0.75
        2            15.1                    1                 4                                  4          1                 1             3           7                       1           0.8
        3             15                     1                 3                                  3          1                 1             3           1                       1           0.8
        1             5.6                    1                 3                                  3          1                 1             6          11                       1           1.1
        4             8.9                    1                 2                                  2          1                 2            19           4                       1           0.7
        2            17.2                    1                 4                                  4          1                 1            10           8                       1           1.4
        1             6.8                    1                 3                                  3          1                 1             6          11                       1           1.2
        1             6.8                    1                 3                                  3          1                 1             6          11                       1           1.1
        4             5.6                    1                 2                                  1          1                 1            19           4                       1           0.7
        2            13.9                    1                 4                                  4          1                 1            10           8                       1             1
        3             8.5                    1                 3                                  3          1                 1             3           1                       1           0.8
        1             7.3                    1                 3                                  3          1                 1             6          11                       1           1.1
        4             9.1                    1                 2                                  1          1                 1            19           4                       1           0.8
        2            12.3                    1                 4                                  4          1                 1            10           7                       1           1.1
        3            15.5                    1                 3                                  3          1                 1             3           1                       1           1.1
        3            10.9                    1                 3                                  3          1                 1             3           1                       1           0.7
        4             8.5                    1                 2                                  1          1                 1            19           4                       1           0.8
        2            17.2                    1                 6                                  4          1                 1            10           8                       1           0.9
        3            16.5                    1                 3                                  4          1                 1             3           1                       1           1.1
        1             5.5                    1                 3                                  2          1                 1             6          11                       1           1.2
        4             8.2                    1                 2                                  1          1                 1            19           4                       1           0.7
        2            13.5                    1                 4                                  4          1                 1            10           8                       1             1
        3             8.2                    1                 3                                  4          1                 1             3           1                       1           0.8
        1             7.7                    1                 3                                  3          1                 1             6          11                       1           0.9
        2             15                     1                 4                                  4          1                 1             3           7                       1             1

        2             19                     1                 4                                  4          1                 1            10           7                       1           1.3
        3             8.5                    1                 3                                  4          1                 1             3           1                       1           0.7
        1            10.5                    1                 3                                  3          1                 1             6          11                       1             1
        4               6                    1                 2                                  1          1                 1            19           4                       1          0.75
        2            12.5                    1                 4                                  4          1                 1            10           8                       1             1
        3             16                     1                 3                                  3          1                 1             3           1                       1             1
        1             5.5                    1                 3                                  3          1                 1             6          11                       1          0.85
        4             6.2                    1                 2                                  1          1                 1            19           4                       1           0.8
        4               6                    1                 2                                  2          1                 1            19           4                       1           0.8
        3             6.5                    1                 3                                  3          1                 1             3           1                       1           0.7
        1             6.5                    1                 3                                  3          1                 1            12          11                       1           0.9
        4             4.7                    1                 2                                  1          1                 1            19           4                       1           0.6
        2            20.2                    1                 4                                  4          1                 1             3           7                       1           1.2
        3             8.2                    1                 3                                  3          1                 1             3           1                       1           0.9
        1             5.8                    1                 3                                  3          1                 1            12          11                       1             1
